COMMIT_CONFIDENCE	HIGH_1	MED_1	LOW_1	COMMIT_SEVERITY	HIGH_2	MED_2	LOW_2	COMMIT_CWES	UNIQUE_CWES	CWE_IDS
0620679d11846dc1f96c7f05d14328abeee86f2e	3158	58	19	0620679d11846dc1f96c7f05d14328abeee86f2e	31	49	3155	0620679d11846dc1f96c7f05d14328abeee86f2e	12	78, 89, 94, 259, 327, 330, 377, 400, 502, 605, 703, 732
06e8c4dad42abcdeec9a086e4135bda9e3d29efc	3158	58	19	06e8c4dad42abcdeec9a086e4135bda9e3d29efc	31	49	3155	06e8c4dad42abcdeec9a086e4135bda9e3d29efc	12	78, 89, 94, 259, 327, 330, 377, 400, 502, 605, 703, 732
09aa62f1c34a46a5bffc141811168879a1694fa2	3158	58	19	09aa62f1c34a46a5bffc141811168879a1694fa2	31	49	3155	09aa62f1c34a46a5bffc141811168879a1694fa2	12	78, 89, 94, 259, 327, 330, 377, 400, 502, 605, 703, 732
0a0ed3f60680a68c2f28606b846e094c904e88a0	3187	59	19	0a0ed3f60680a68c2f28606b846e094c904e88a0	31	50	3184	0a0ed3f60680a68c2f28606b846e094c904e88a0	12	78, 89, 94, 259, 327, 330, 377, 400, 502, 605, 703, 732
0b3d15a4d7124a339c8e33272e54d0f8f98d17dd	3187	59	19	0b3d15a4d7124a339c8e33272e54d0f8f98d17dd	31	50	3184	0b3d15a4d7124a339c8e33272e54d0f8f98d17dd	12	78, 89, 94, 259, 327, 330, 377, 400, 502, 605, 703, 732
0f143a43c968c302739d094ba338f60c05afb7b3	3187	59	19	0f143a43c968c302739d094ba338f60c05afb7b3	31	50	3184	0f143a43c968c302739d094ba338f60c05afb7b3	12	78, 89, 94, 259, 327, 330, 377, 400, 502, 605, 703, 732
0fec237eadd2b0646215670c4e46d0d7db2021d3	3187	59	19	0fec237eadd2b0646215670c4e46d0d7db2021d3	31	50	3184	0fec237eadd2b0646215670c4e46d0d7db2021d3	12	78, 89, 94, 259, 327, 330, 377, 400, 502, 605, 703, 732
106b230fea9df66d601d122ceda3d8d12416792c	3115	42	19	106b230fea9df66d601d122ceda3d8d12416792c	30	37	3109	106b230fea9df66d601d122ceda3d8d12416792c	12	78, 89, 94, 259, 327, 330, 377, 400, 502, 605, 703, 732
13bb4746238ef627862e2b3e0c880d04ee6ef60a	3158	58	19	13bb4746238ef627862e2b3e0c880d04ee6ef60a	31	49	3155	13bb4746238ef627862e2b3e0c880d04ee6ef60a	12	78, 89, 94, 259, 327, 330, 377, 400, 502, 605, 703, 732
1a3354404e60844d6af6e66334a5a4e4851a5e55	3187	59	19	1a3354404e60844d6af6e66334a5a4e4851a5e55	31	50	3184	1a3354404e60844d6af6e66334a5a4e4851a5e55	12	78, 89, 94, 259, 327, 330, 377, 400, 502, 605, 703, 732
1a755c3fdbdc462200f1499d541ff9c6f9a7259d	3114	42	19	1a755c3fdbdc462200f1499d541ff9c6f9a7259d	30	37	3108	1a755c3fdbdc462200f1499d541ff9c6f9a7259d	12	78, 89, 94, 259, 327, 330, 377, 400, 502, 605, 703, 732
1ec1076feed882479f90f236fcbc391b9d45680e	3187	59	19	1ec1076feed882479f90f236fcbc391b9d45680e	31	50	3184	1ec1076feed882479f90f236fcbc391b9d45680e	12	78, 89, 94, 259, 327, 330, 377, 400, 502, 605, 703, 732
1f8aa938434c8b5ed14e6677cdc7150f2ec55dd3	3157	58	19	1f8aa938434c8b5ed14e6677cdc7150f2ec55dd3	31	50	3153	1f8aa938434c8b5ed14e6677cdc7150f2ec55dd3	12	78, 89, 94, 259, 327, 330, 377, 400, 502, 605, 703, 732
23e775b1e07beab9ba335e9718f4de2ba4af437b	3189	59	19	23e775b1e07beab9ba335e9718f4de2ba4af437b	31	50	3186	23e775b1e07beab9ba335e9718f4de2ba4af437b	12	78, 89, 94, 259, 327, 330, 377, 400, 502, 605, 703, 732
2518901e6e4e3578fdda3b64c3b2ec76d682931f	3187	59	19	2518901e6e4e3578fdda3b64c3b2ec76d682931f	31	50	3184	2518901e6e4e3578fdda3b64c3b2ec76d682931f	12	78, 89, 94, 259, 327, 330, 377, 400, 502, 605, 703, 732
259140ffc9ead19d36292d2a0cecef1a06e70798	3158	58	19	259140ffc9ead19d36292d2a0cecef1a06e70798	31	49	3155	259140ffc9ead19d36292d2a0cecef1a06e70798	12	78, 89, 94, 259, 327, 330, 377, 400, 502, 605, 703, 732
28499747291750c8c5f31a072c90df2deaa9fe69	3187	59	19	28499747291750c8c5f31a072c90df2deaa9fe69	31	50	3184	28499747291750c8c5f31a072c90df2deaa9fe69	12	78, 89, 94, 259, 327, 330, 377, 400, 502, 605, 703, 732
28cc04908c1cdbfeec44c6090ccc3f0bfdfdf04a	3187	59	19	28cc04908c1cdbfeec44c6090ccc3f0bfdfdf04a	31	50	3184	28cc04908c1cdbfeec44c6090ccc3f0bfdfdf04a	12	78, 89, 94, 259, 327, 330, 377, 400, 502, 605, 703, 732
306188817f10c4e63f25c60d4cfaa92e18354aa6	3187	59	19	306188817f10c4e63f25c60d4cfaa92e18354aa6	31	50	3184	306188817f10c4e63f25c60d4cfaa92e18354aa6	12	78, 89, 94, 259, 327, 330, 377, 400, 502, 605, 703, 732
3150af1ad771ea2ba01474842d288667029b0ec8	3150	58	19	3150af1ad771ea2ba01474842d288667029b0ec8	31	49	3147	3150af1ad771ea2ba01474842d288667029b0ec8	12	78, 89, 94, 259, 327, 330, 377, 400, 502, 605, 703, 732
34920ea04eb772af899842f772417d35def012e4	3157	58	19	34920ea04eb772af899842f772417d35def012e4	31	50	3153	34920ea04eb772af899842f772417d35def012e4	12	78, 89, 94, 259, 327, 330, 377, 400, 502, 605, 703, 732
35b70ca915b8ce33e3c0baf529c0a6356e2d37df	3155	58	19	35b70ca915b8ce33e3c0baf529c0a6356e2d37df	31	49	3152	35b70ca915b8ce33e3c0baf529c0a6356e2d37df	12	78, 89, 94, 259, 327, 330, 377, 400, 502, 605, 703, 732
37188c76069fc4ccdb1aaeb60a91b23cd1ca5801	3189	59	19	37188c76069fc4ccdb1aaeb60a91b23cd1ca5801	31	50	3186	37188c76069fc4ccdb1aaeb60a91b23cd1ca5801	12	78, 89, 94, 259, 327, 330, 377, 400, 502, 605, 703, 732
3856a896eab595e865f67eaa736d3cdf2a9f6fbb	3157	58	19	3856a896eab595e865f67eaa736d3cdf2a9f6fbb	31	50	3153	3856a896eab595e865f67eaa736d3cdf2a9f6fbb	12	78, 89, 94, 259, 327, 330, 377, 400, 502, 605, 703, 732
3bc52cad7b3f0a958fec51387e7c182d547c2b1e	3189	59	19	3bc52cad7b3f0a958fec51387e7c182d547c2b1e	31	50	3186	3bc52cad7b3f0a958fec51387e7c182d547c2b1e	12	78, 89, 94, 259, 327, 330, 377, 400, 502, 605, 703, 732
3c43d3d154790b8ac3d8ed8739148696395a7570	3187	59	19	3c43d3d154790b8ac3d8ed8739148696395a7570	31	50	3184	3c43d3d154790b8ac3d8ed8739148696395a7570	12	78, 89, 94, 259, 327, 330, 377, 400, 502, 605, 703, 732
3cef499b8149d73a7319beed1cfad0ccc779ee4b	3187	59	19	3cef499b8149d73a7319beed1cfad0ccc779ee4b	31	50	3184	3cef499b8149d73a7319beed1cfad0ccc779ee4b	12	78, 89, 94, 259, 327, 330, 377, 400, 502, 605, 703, 732
3e3b2aaa5c7df4f3c316dad9467036c0f81f1471	3157	58	19	3e3b2aaa5c7df4f3c316dad9467036c0f81f1471	31	50	3153	3e3b2aaa5c7df4f3c316dad9467036c0f81f1471	12	78, 89, 94, 259, 327, 330, 377, 400, 502, 605, 703, 732
3f6c8a2338600e4bce41f485a1a6646e59b0cbe8	3114	42	19	3f6c8a2338600e4bce41f485a1a6646e59b0cbe8	30	37	3108	3f6c8a2338600e4bce41f485a1a6646e59b0cbe8	12	78, 89, 94, 259, 327, 330, 377, 400, 502, 605, 703, 732
41c8c9230b735b2d1a7d2574b8d8df4181ce590f	3114	42	19	41c8c9230b735b2d1a7d2574b8d8df4181ce590f	30	37	3108	41c8c9230b735b2d1a7d2574b8d8df4181ce590f	12	78, 89, 94, 259, 327, 330, 377, 400, 502, 605, 703, 732
41efa100f0226df6baf3bad7a36d49172e8ff862	3189	59	19	41efa100f0226df6baf3bad7a36d49172e8ff862	31	50	3186	41efa100f0226df6baf3bad7a36d49172e8ff862	12	78, 89, 94, 259, 327, 330, 377, 400, 502, 605, 703, 732
4c103761f982ef7854152f66d98932a2d5384893	3189	59	19	4c103761f982ef7854152f66d98932a2d5384893	31	50	3186	4c103761f982ef7854152f66d98932a2d5384893	12	78, 89, 94, 259, 327, 330, 377, 400, 502, 605, 703, 732
4e86bdf3d9aa9f6055b495be70d06cda5dd0239f	3187	59	19	4e86bdf3d9aa9f6055b495be70d06cda5dd0239f	31	50	3184	4e86bdf3d9aa9f6055b495be70d06cda5dd0239f	12	78, 89, 94, 259, 327, 330, 377, 400, 502, 605, 703, 732
4f017081fcc8fd4656a71fb4d7b7b54f37d11629	3114	42	19	4f017081fcc8fd4656a71fb4d7b7b54f37d11629	30	37	3108	4f017081fcc8fd4656a71fb4d7b7b54f37d11629	12	78, 89, 94, 259, 327, 330, 377, 400, 502, 605, 703, 732
507afd7f063d658d9c051785e215b8c79d6386d7	3132	58	19	507afd7f063d658d9c051785e215b8c79d6386d7	31	49	3129	507afd7f063d658d9c051785e215b8c79d6386d7	12	78, 89, 94, 259, 327, 330, 377, 400, 502, 605, 703, 732
51fb1fae885e2361c21027c2f38bf18ae5465d7c	3113	42	19	51fb1fae885e2361c21027c2f38bf18ae5465d7c	30	37	3107	51fb1fae885e2361c21027c2f38bf18ae5465d7c	12	78, 89, 94, 259, 327, 330, 377, 400, 502, 605, 703, 732
65bd4be6072ed2f45458d83a27b8e62bd02e0398	3187	59	19	65bd4be6072ed2f45458d83a27b8e62bd02e0398	31	50	3184	65bd4be6072ed2f45458d83a27b8e62bd02e0398	12	78, 89, 94, 259, 327, 330, 377, 400, 502, 605, 703, 732
6824d14ed88602d6d6feb2422c99392e157ee3d4	3158	58	19	6824d14ed88602d6d6feb2422c99392e157ee3d4	31	49	3155	6824d14ed88602d6d6feb2422c99392e157ee3d4	12	78, 89, 94, 259, 327, 330, 377, 400, 502, 605, 703, 732
6f204fd55719629a38b105bcdc10159aabd72985	3160	58	19	6f204fd55719629a38b105bcdc10159aabd72985	31	50	3156	6f204fd55719629a38b105bcdc10159aabd72985	12	78, 89, 94, 259, 327, 330, 377, 400, 502, 605, 703, 732
6f9ced1c230a73aa8a1aad99857739143bd4dbda	3187	59	19	6f9ced1c230a73aa8a1aad99857739143bd4dbda	31	50	3184	6f9ced1c230a73aa8a1aad99857739143bd4dbda	12	78, 89, 94, 259, 327, 330, 377, 400, 502, 605, 703, 732
782e143c227ddc9c8037fd22e754666b576e4baf	3187	59	19	782e143c227ddc9c8037fd22e754666b576e4baf	31	50	3184	782e143c227ddc9c8037fd22e754666b576e4baf	12	78, 89, 94, 259, 327, 330, 377, 400, 502, 605, 703, 732
78708efbf17399eee14cfbe54a1591fd8e6f04ba	3158	58	19	78708efbf17399eee14cfbe54a1591fd8e6f04ba	31	49	3155	78708efbf17399eee14cfbe54a1591fd8e6f04ba	12	78, 89, 94, 259, 327, 330, 377, 400, 502, 605, 703, 732
7d0e2265f721af3468cbe526a3fe96cd3e3378c7	3189	59	19	7d0e2265f721af3468cbe526a3fe96cd3e3378c7	31	50	3186	7d0e2265f721af3468cbe526a3fe96cd3e3378c7	12	78, 89, 94, 259, 327, 330, 377, 400, 502, 605, 703, 732
80279f9d36c4870f9ea73d38cd13610ab2cfd824	3187	59	19	80279f9d36c4870f9ea73d38cd13610ab2cfd824	31	50	3184	80279f9d36c4870f9ea73d38cd13610ab2cfd824	12	78, 89, 94, 259, 327, 330, 377, 400, 502, 605, 703, 732
8074b261d32c8f02d601cc3811f9baa2a428ce6f	3115	42	19	8074b261d32c8f02d601cc3811f9baa2a428ce6f	30	37	3109	8074b261d32c8f02d601cc3811f9baa2a428ce6f	12	78, 89, 94, 259, 327, 330, 377, 400, 502, 605, 703, 732
83458f5146c784aa3a4df4e80f3e85f2314d9770	3132	58	19	83458f5146c784aa3a4df4e80f3e85f2314d9770	31	49	3129	83458f5146c784aa3a4df4e80f3e85f2314d9770	12	78, 89, 94, 259, 327, 330, 377, 400, 502, 605, 703, 732
838e3d5ae465ced79363c335b0d2d0bca70006f4	3189	59	19	838e3d5ae465ced79363c335b0d2d0bca70006f4	31	50	3186	838e3d5ae465ced79363c335b0d2d0bca70006f4	12	78, 89, 94, 259, 327, 330, 377, 400, 502, 605, 703, 732
8532c94d8e9a2420f88deebe51dc3f02cbcfbb8a	3189	59	19	8532c94d8e9a2420f88deebe51dc3f02cbcfbb8a	31	50	3186	8532c94d8e9a2420f88deebe51dc3f02cbcfbb8a	12	78, 89, 94, 259, 327, 330, 377, 400, 502, 605, 703, 732
8897b45eebcd7cb17fc878db113c6deede7aadda	3114	42	19	8897b45eebcd7cb17fc878db113c6deede7aadda	30	37	3108	8897b45eebcd7cb17fc878db113c6deede7aadda	12	78, 89, 94, 259, 327, 330, 377, 400, 502, 605, 703, 732
8a731848016184e93f6adf58f19d31439d6c93fa	3158	58	19	8a731848016184e93f6adf58f19d31439d6c93fa	31	49	3155	8a731848016184e93f6adf58f19d31439d6c93fa	12	78, 89, 94, 259, 327, 330, 377, 400, 502, 605, 703, 732
8b473397d1bd62124a94e4c3c1ad1709a991b4aa	3194	59	19	8b473397d1bd62124a94e4c3c1ad1709a991b4aa	31	50	3191	8b473397d1bd62124a94e4c3c1ad1709a991b4aa	12	78, 89, 94, 259, 327, 330, 377, 400, 502, 605, 703, 732
8b68d086f003754164b21caedcd781b6559ccc4b	3187	59	19	8b68d086f003754164b21caedcd781b6559ccc4b	31	50	3184	8b68d086f003754164b21caedcd781b6559ccc4b	12	78, 89, 94, 259, 327, 330, 377, 400, 502, 605, 703, 732
8dda45bf99bbedfe7f5ae73751b87eac1c1c7658	3187	59	19	8dda45bf99bbedfe7f5ae73751b87eac1c1c7658	31	50	3184	8dda45bf99bbedfe7f5ae73751b87eac1c1c7658	12	78, 89, 94, 259, 327, 330, 377, 400, 502, 605, 703, 732
94cb91947d5de6ea406682f1a7fe2d869a8fcac0	3187	59	19	94cb91947d5de6ea406682f1a7fe2d869a8fcac0	31	50	3184	94cb91947d5de6ea406682f1a7fe2d869a8fcac0	12	78, 89, 94, 259, 327, 330, 377, 400, 502, 605, 703, 732
999a59f93819eee524ddf4370fdcddcd9080de59	3114	42	19	999a59f93819eee524ddf4370fdcddcd9080de59	30	37	3108	999a59f93819eee524ddf4370fdcddcd9080de59	12	78, 89, 94, 259, 327, 330, 377, 400, 502, 605, 703, 732
99aa9bef704cadb04bf3095edc815abf820a81bf	3187	59	19	99aa9bef704cadb04bf3095edc815abf820a81bf	31	50	3184	99aa9bef704cadb04bf3095edc815abf820a81bf	12	78, 89, 94, 259, 327, 330, 377, 400, 502, 605, 703, 732
9b262dd057de603cce86aa89f1226a7dfd992194	3115	42	19	9b262dd057de603cce86aa89f1226a7dfd992194	30	37	3109	9b262dd057de603cce86aa89f1226a7dfd992194	12	78, 89, 94, 259, 327, 330, 377, 400, 502, 605, 703, 732
9b9e728cf6d3f8b6b07d105d7892e8a620544dcd	3114	42	19	9b9e728cf6d3f8b6b07d105d7892e8a620544dcd	30	37	3108	9b9e728cf6d3f8b6b07d105d7892e8a620544dcd	12	78, 89, 94, 259, 327, 330, 377, 400, 502, 605, 703, 732
9bd199273830a8099c93d4efeb17c07993bc088b	3157	58	19	9bd199273830a8099c93d4efeb17c07993bc088b	31	50	3153	9bd199273830a8099c93d4efeb17c07993bc088b	12	78, 89, 94, 259, 327, 330, 377, 400, 502, 605, 703, 732
9e975ba5663b3f41f5b4e048eaaddb9a7ed69d1f	3187	59	19	9e975ba5663b3f41f5b4e048eaaddb9a7ed69d1f	31	50	3184	9e975ba5663b3f41f5b4e048eaaddb9a7ed69d1f	12	78, 89, 94, 259, 327, 330, 377, 400, 502, 605, 703, 732
a03ad1079c683fa44e0301e2433bf273b229a10d	3189	59	19	a03ad1079c683fa44e0301e2433bf273b229a10d	31	50	3186	a03ad1079c683fa44e0301e2433bf273b229a10d	12	78, 89, 94, 259, 327, 330, 377, 400, 502, 605, 703, 732
a4746a53d814a6424452879747e4f916c147926e	3158	58	19	a4746a53d814a6424452879747e4f916c147926e	31	49	3155	a4746a53d814a6424452879747e4f916c147926e	12	78, 89, 94, 259, 327, 330, 377, 400, 502, 605, 703, 732
a4b836b5f9d4569821a15904c5f9e1ec67a8d6b4	3114	42	19	a4b836b5f9d4569821a15904c5f9e1ec67a8d6b4	30	37	3108	a4b836b5f9d4569821a15904c5f9e1ec67a8d6b4	12	78, 89, 94, 259, 327, 330, 377, 400, 502, 605, 703, 732
a4d632498c261459440e54c503327cceb19e6a43	3114	42	19	a4d632498c261459440e54c503327cceb19e6a43	30	37	3108	a4d632498c261459440e54c503327cceb19e6a43	12	78, 89, 94, 259, 327, 330, 377, 400, 502, 605, 703, 732
a594595fea9a29920641638fdc4531c47e48aa47	3158	58	19	a594595fea9a29920641638fdc4531c47e48aa47	31	49	3155	a594595fea9a29920641638fdc4531c47e48aa47	12	78, 89, 94, 259, 327, 330, 377, 400, 502, 605, 703, 732
a8d65c11e077e944f45698d90a84106894d601f3	3155	58	19	a8d65c11e077e944f45698d90a84106894d601f3	31	49	3152	a8d65c11e077e944f45698d90a84106894d601f3	12	78, 89, 94, 259, 327, 330, 377, 400, 502, 605, 703, 732
b0030d3a2b0ab2d8cfae12a0f48160a05619cb86	3157	58	19	b0030d3a2b0ab2d8cfae12a0f48160a05619cb86	31	50	3153	b0030d3a2b0ab2d8cfae12a0f48160a05619cb86	12	78, 89, 94, 259, 327, 330, 377, 400, 502, 605, 703, 732
b1470a1ac47559b4f093d3e40f9c1667f1abafca	3187	59	19	b1470a1ac47559b4f093d3e40f9c1667f1abafca	31	50	3184	b1470a1ac47559b4f093d3e40f9c1667f1abafca	12	78, 89, 94, 259, 327, 330, 377, 400, 502, 605, 703, 732
b53a5e752816a6f6c69de319b98073fae58ad3e9	3187	59	19	b53a5e752816a6f6c69de319b98073fae58ad3e9	31	50	3184	b53a5e752816a6f6c69de319b98073fae58ad3e9	12	78, 89, 94, 259, 327, 330, 377, 400, 502, 605, 703, 732
c3d60b31d1bc6a30e772121a875516ca73e01ca1	3157	58	19	c3d60b31d1bc6a30e772121a875516ca73e01ca1	31	50	3153	c3d60b31d1bc6a30e772121a875516ca73e01ca1	12	78, 89, 94, 259, 327, 330, 377, 400, 502, 605, 703, 732
c68fba01a83be26f2002ad6853a3b4d3e022cc7c	3158	58	19	c68fba01a83be26f2002ad6853a3b4d3e022cc7c	31	49	3155	c68fba01a83be26f2002ad6853a3b4d3e022cc7c	12	78, 89, 94, 259, 327, 330, 377, 400, 502, 605, 703, 732
c8301772073b412b1bf644fedf398ddf506a1cb2	3157	58	19	c8301772073b412b1bf644fedf398ddf506a1cb2	31	50	3153	c8301772073b412b1bf644fedf398ddf506a1cb2	12	78, 89, 94, 259, 327, 330, 377, 400, 502, 605, 703, 732
cbc26a5e405fd49e78943d8c9d0d72a09ba7fcfc	3158	58	19	cbc26a5e405fd49e78943d8c9d0d72a09ba7fcfc	31	49	3155	cbc26a5e405fd49e78943d8c9d0d72a09ba7fcfc	12	78, 89, 94, 259, 327, 330, 377, 400, 502, 605, 703, 732
ce26f1c6d3feec3eedf36f823dee732b5a61e517	3189	59	19	ce26f1c6d3feec3eedf36f823dee732b5a61e517	31	50	3186	ce26f1c6d3feec3eedf36f823dee732b5a61e517	12	78, 89, 94, 259, 327, 330, 377, 400, 502, 605, 703, 732
cf06f20a0e7251e13f70960bb7861d42bee9e7f8	3158	58	19	cf06f20a0e7251e13f70960bb7861d42bee9e7f8	31	49	3155	cf06f20a0e7251e13f70960bb7861d42bee9e7f8	12	78, 89, 94, 259, 327, 330, 377, 400, 502, 605, 703, 732
d343e4ed9a290cdb808888c8a17e5dc30e9a891d	3187	59	19	d343e4ed9a290cdb808888c8a17e5dc30e9a891d	31	50	3184	d343e4ed9a290cdb808888c8a17e5dc30e9a891d	12	78, 89, 94, 259, 327, 330, 377, 400, 502, 605, 703, 732
d76477099c5813034d06f0411bfbcdecaa1a9142	3157	58	19	d76477099c5813034d06f0411bfbcdecaa1a9142	31	50	3153	d76477099c5813034d06f0411bfbcdecaa1a9142	12	78, 89, 94, 259, 327, 330, 377, 400, 502, 605, 703, 732
d9926d2491384421dc38d3e68720bfb1b486db2e	3189	59	19	d9926d2491384421dc38d3e68720bfb1b486db2e	31	50	3186	d9926d2491384421dc38d3e68720bfb1b486db2e	12	78, 89, 94, 259, 327, 330, 377, 400, 502, 605, 703, 732
d9e40f721c228ef5370bdfc9198b84c5b9a18f4a	3158	58	19	d9e40f721c228ef5370bdfc9198b84c5b9a18f4a	31	49	3155	d9e40f721c228ef5370bdfc9198b84c5b9a18f4a	12	78, 89, 94, 259, 327, 330, 377, 400, 502, 605, 703, 732
daa4af18d17a4fc3f3c88324a1a911cc1723e56a	3187	59	19	daa4af18d17a4fc3f3c88324a1a911cc1723e56a	31	50	3184	daa4af18d17a4fc3f3c88324a1a911cc1723e56a	12	78, 89, 94, 259, 327, 330, 377, 400, 502, 605, 703, 732
dd09d46ccb7d96da748a40f8cf5b3b677eba96ba	3114	42	19	dd09d46ccb7d96da748a40f8cf5b3b677eba96ba	30	37	3108	dd09d46ccb7d96da748a40f8cf5b3b677eba96ba	12	78, 89, 94, 259, 327, 330, 377, 400, 502, 605, 703, 732
dde90fc636c6241cda54830216306bce22656cb4	3132	58	19	dde90fc636c6241cda54830216306bce22656cb4	31	49	3129	dde90fc636c6241cda54830216306bce22656cb4	12	78, 89, 94, 259, 327, 330, 377, 400, 502, 605, 703, 732
de05ea898e31bbe98234fa74f607e29e476ccacf	3187	59	19	de05ea898e31bbe98234fa74f607e29e476ccacf	31	50	3184	de05ea898e31bbe98234fa74f607e29e476ccacf	12	78, 89, 94, 259, 327, 330, 377, 400, 502, 605, 703, 732
e0a3b4b822abe8988e084f4c687fbe72e9da8d82	3187	59	19	e0a3b4b822abe8988e084f4c687fbe72e9da8d82	31	50	3184	e0a3b4b822abe8988e084f4c687fbe72e9da8d82	12	78, 89, 94, 259, 327, 330, 377, 400, 502, 605, 703, 732
e2521743b652b7d5dc589710742024e782a0da52	3158	58	19	e2521743b652b7d5dc589710742024e782a0da52	31	49	3155	e2521743b652b7d5dc589710742024e782a0da52	12	78, 89, 94, 259, 327, 330, 377, 400, 502, 605, 703, 732
e255aa95fe329fc30fa4f4dc20cefab70348c5d5	3187	59	19	e255aa95fe329fc30fa4f4dc20cefab70348c5d5	31	50	3184	e255aa95fe329fc30fa4f4dc20cefab70348c5d5	12	78, 89, 94, 259, 327, 330, 377, 400, 502, 605, 703, 732
e2a0884ecd4e277b6256ecb2c548a5b86adb8798	3187	59	19	e2a0884ecd4e277b6256ecb2c548a5b86adb8798	31	50	3184	e2a0884ecd4e277b6256ecb2c548a5b86adb8798	12	78, 89, 94, 259, 327, 330, 377, 400, 502, 605, 703, 732
e4ccd4057dcc0525537ea15b14229bd97eec8d0b	3157	58	19	e4ccd4057dcc0525537ea15b14229bd97eec8d0b	31	50	3153	e4ccd4057dcc0525537ea15b14229bd97eec8d0b	12	78, 89, 94, 259, 327, 330, 377, 400, 502, 605, 703, 732
e57305ee0cb85981f9e8fdeb85c371d1699f8899	3187	59	19	e57305ee0cb85981f9e8fdeb85c371d1699f8899	31	50	3184	e57305ee0cb85981f9e8fdeb85c371d1699f8899	12	78, 89, 94, 259, 327, 330, 377, 400, 502, 605, 703, 732
e61e4d57d9bd2928c5faa57a69161b1a82e40204	3187	59	19	e61e4d57d9bd2928c5faa57a69161b1a82e40204	31	50	3184	e61e4d57d9bd2928c5faa57a69161b1a82e40204	12	78, 89, 94, 259, 327, 330, 377, 400, 502, 605, 703, 732
e639283ac90f11adeb697fb92404fd70469ffa2d	3187	59	19	e639283ac90f11adeb697fb92404fd70469ffa2d	31	50	3184	e639283ac90f11adeb697fb92404fd70469ffa2d	12	78, 89, 94, 259, 327, 330, 377, 400, 502, 605, 703, 732
f1149defc9e0d3dd302b3b28628d6df8d70070bc	3132	58	19	f1149defc9e0d3dd302b3b28628d6df8d70070bc	31	49	3129	f1149defc9e0d3dd302b3b28628d6df8d70070bc	12	78, 89, 94, 259, 327, 330, 377, 400, 502, 605, 703, 732
f2a54f4e231f65e088998d40ab769d02f21bde9b	3158	58	19	f2a54f4e231f65e088998d40ab769d02f21bde9b	31	49	3155	f2a54f4e231f65e088998d40ab769d02f21bde9b	12	78, 89, 94, 259, 327, 330, 377, 400, 502, 605, 703, 732
f2a742130d751443f3c3b3b64faa88b9943d554b	3187	59	19	f2a742130d751443f3c3b3b64faa88b9943d554b	31	50	3184	f2a742130d751443f3c3b3b64faa88b9943d554b	12	78, 89, 94, 259, 327, 330, 377, 400, 502, 605, 703, 732
f2c7f8a6daf8c3b06ff6de13436596b2357d9516	3158	58	19	f2c7f8a6daf8c3b06ff6de13436596b2357d9516	31	49	3155	f2c7f8a6daf8c3b06ff6de13436596b2357d9516	12	78, 89, 94, 259, 327, 330, 377, 400, 502, 605, 703, 732
f5aeb47a721a4a326bab1e59f690ef2781143a75	3157	58	19	f5aeb47a721a4a326bab1e59f690ef2781143a75	31	50	3153	f5aeb47a721a4a326bab1e59f690ef2781143a75	12	78, 89, 94, 259, 327, 330, 377, 400, 502, 605, 703, 732
f7d3516dec7fc1bf0f63601d20d486801aa5d17d	3189	59	19	f7d3516dec7fc1bf0f63601d20d486801aa5d17d	31	50	3186	f7d3516dec7fc1bf0f63601d20d486801aa5d17d	12	78, 89, 94, 259, 327, 330, 377, 400, 502, 605, 703, 732
fbba57d3b50efaf057ebc0841f6cbc8c7201e6bb	3114	42	19	fbba57d3b50efaf057ebc0841f6cbc8c7201e6bb	30	37	3108	fbba57d3b50efaf057ebc0841f6cbc8c7201e6bb	12	78, 89, 94, 259, 327, 330, 377, 400, 502, 605, 703, 732
fd7c2780f57359be2c732470b3c2185564d60e38	3187	59	19	fd7c2780f57359be2c732470b3c2185564d60e38	31	50	3184	fd7c2780f57359be2c732470b3c2185564d60e38	12	78, 89, 94, 259, 327, 330, 377, 400, 502, 605, 703, 732
