COMMIT_CONFIDENCE	HIGH_1	MED_1	LOW_1	COMMIT_SEVERITY	HIGH_2	MED_2	LOW_2	COMMIT_CWES	UNIQUE_CWES	CWE_IDS
022ce28480f1b0b0b2b9e04368b36f16f6374ad7	1018	2	0	022ce28480f1b0b0b2b9e04368b36f16f6374ad7	0	4	1016	022ce28480f1b0b0b2b9e04368b36f16f6374ad7	5	78, 330, 377, 502, 703
04c2fdf585da085fe7712a9b366ee0fe799f4233	1065	2	0	04c2fdf585da085fe7712a9b366ee0fe799f4233	0	4	1063	04c2fdf585da085fe7712a9b366ee0fe799f4233	5	78, 330, 377, 502, 703
051bf5fa93a2d52a4679c9ab875ff0d691ec40cf	1136	2	0	051bf5fa93a2d52a4679c9ab875ff0d691ec40cf	0	2	1136	051bf5fa93a2d52a4679c9ab875ff0d691ec40cf	4	78, 330, 377, 703
08415c66adc4f871d33d4ef5e841d9ac224e679c	1081	2	0	08415c66adc4f871d33d4ef5e841d9ac224e679c	0	2	1081	08415c66adc4f871d33d4ef5e841d9ac224e679c	4	78, 330, 377, 703
0ad8c3d4a12756d1b603ff1a753e18e1eb276816	1100	2	0	0ad8c3d4a12756d1b603ff1a753e18e1eb276816	0	2	1100	0ad8c3d4a12756d1b603ff1a753e18e1eb276816	4	78, 330, 377, 703
0c44b71bc224522005ba361a289ee47f44307323	1050	2	0	0c44b71bc224522005ba361a289ee47f44307323	0	3	1049	0c44b71bc224522005ba361a289ee47f44307323	5	78, 330, 377, 502, 703
0f05e0b007a98b63f8b89edfc54127c32774e06f	1100	2	0	0f05e0b007a98b63f8b89edfc54127c32774e06f	0	2	1100	0f05e0b007a98b63f8b89edfc54127c32774e06f	4	78, 330, 377, 703
0fb6e4341e1c37693304c064280910fbc98a6f2f	1068	2	0	0fb6e4341e1c37693304c064280910fbc98a6f2f	0	2	1068	0fb6e4341e1c37693304c064280910fbc98a6f2f	4	78, 330, 377, 703
11255bdfbddf1548fcd3714440a3e2f6128bde89	1018	2	0	11255bdfbddf1548fcd3714440a3e2f6128bde89	0	4	1016	11255bdfbddf1548fcd3714440a3e2f6128bde89	5	78, 330, 377, 502, 703
117ba8b428fe9c5fca277170d93b5fb3d3b8da58	1100	2	0	117ba8b428fe9c5fca277170d93b5fb3d3b8da58	0	2	1100	117ba8b428fe9c5fca277170d93b5fb3d3b8da58	4	78, 330, 377, 703
139dfd6e34d50ec082f24207d45112a0953e5de9	1151	2	0	139dfd6e34d50ec082f24207d45112a0953e5de9	0	2	1151	139dfd6e34d50ec082f24207d45112a0953e5de9	4	78, 330, 377, 703
14c79c062bc331632de7a164477b45522b2150d0	1077	2	0	14c79c062bc331632de7a164477b45522b2150d0	0	2	1077	14c79c062bc331632de7a164477b45522b2150d0	4	78, 330, 377, 703
1c33d10115fac1c86443cf38ae6cb98b8d7d2093	1088	2	0	1c33d10115fac1c86443cf38ae6cb98b8d7d2093	0	2	1088	1c33d10115fac1c86443cf38ae6cb98b8d7d2093	4	78, 330, 377, 703
1ce0e76ced5d3589a1fbe7aa17fc35a96c3c431a	1058	2	0	1ce0e76ced5d3589a1fbe7aa17fc35a96c3c431a	0	4	1056	1ce0e76ced5d3589a1fbe7aa17fc35a96c3c431a	5	78, 330, 377, 502, 703
2274ceb3129acc68e7243ff62030378fabb7ffb4	1097	2	0	2274ceb3129acc68e7243ff62030378fabb7ffb4	0	2	1097	2274ceb3129acc68e7243ff62030378fabb7ffb4	4	78, 330, 377, 703
28793934248a84fccd285b05f1e6367033f8b7ba	1059	2	0	28793934248a84fccd285b05f1e6367033f8b7ba	0	4	1057	28793934248a84fccd285b05f1e6367033f8b7ba	5	78, 330, 377, 502, 703
2977af5c59403d5ac047e54db79696e664be1b8c	1092	2	0	2977af5c59403d5ac047e54db79696e664be1b8c	0	2	1092	2977af5c59403d5ac047e54db79696e664be1b8c	4	78, 330, 377, 703
29e6bfe9f3d53bbf7381f9c813fcef4e354301c0	1065	2	0	29e6bfe9f3d53bbf7381f9c813fcef4e354301c0	0	4	1063	29e6bfe9f3d53bbf7381f9c813fcef4e354301c0	5	78, 330, 377, 502, 703
2e2022af2e8071fd9b444dd5e73b270387342419	1068	2	0	2e2022af2e8071fd9b444dd5e73b270387342419	0	4	1066	2e2022af2e8071fd9b444dd5e73b270387342419	5	78, 330, 377, 502, 703
2f66f1c2e3474b8555c82142c46831588cb8b242	1020	2	0	2f66f1c2e3474b8555c82142c46831588cb8b242	0	4	1018	2f66f1c2e3474b8555c82142c46831588cb8b242	5	78, 330, 377, 502, 703
30c34a5239ca53fca268fd7b85413bbfa50f8301	1048	2	0	30c34a5239ca53fca268fd7b85413bbfa50f8301	0	4	1046	30c34a5239ca53fca268fd7b85413bbfa50f8301	5	78, 330, 377, 502, 703
34ae95565a4886cb5b690d4f0ee5d823b8d3e2c2	1097	2	0	34ae95565a4886cb5b690d4f0ee5d823b8d3e2c2	0	2	1097	34ae95565a4886cb5b690d4f0ee5d823b8d3e2c2	4	78, 330, 377, 703
35ec4817afe2ed94f044ae9bd6fa34e8ec7207ae	1085	2	0	35ec4817afe2ed94f044ae9bd6fa34e8ec7207ae	0	2	1085	35ec4817afe2ed94f044ae9bd6fa34e8ec7207ae	4	78, 330, 377, 703
3abd100f8bf91698db6832e0354e30ba7e96c11e	1087	2	0	3abd100f8bf91698db6832e0354e30ba7e96c11e	0	2	1087	3abd100f8bf91698db6832e0354e30ba7e96c11e	4	78, 330, 377, 703
3abd2a1bb05cc145c9d315ebd921d97654a73292	1038	2	0	3abd2a1bb05cc145c9d315ebd921d97654a73292	0	4	1036	3abd2a1bb05cc145c9d315ebd921d97654a73292	5	78, 330, 377, 502, 703
3b86697bba08a427dd91c0d0de672063a63a0e8e	1095	2	0	3b86697bba08a427dd91c0d0de672063a63a0e8e	0	2	1095	3b86697bba08a427dd91c0d0de672063a63a0e8e	4	78, 330, 377, 703
3b8f2ee5ae5691b42e554b93610d5ce3f1bcd427	1016	2	0	3b8f2ee5ae5691b42e554b93610d5ce3f1bcd427	0	4	1014	3b8f2ee5ae5691b42e554b93610d5ce3f1bcd427	5	78, 330, 377, 502, 703
3d7e786a58167eb1d0959f1d6872b48d908b77a9	1154	2	0	3d7e786a58167eb1d0959f1d6872b48d908b77a9	0	2	1154	3d7e786a58167eb1d0959f1d6872b48d908b77a9	4	78, 330, 377, 703
418f807d9a8681015c740852b09890072a70a9f3	1097	2	0	418f807d9a8681015c740852b09890072a70a9f3	0	2	1097	418f807d9a8681015c740852b09890072a70a9f3	4	78, 330, 377, 703
49fbc15e98014aab3d71e961e54749aa53aa6bd5	1077	2	0	49fbc15e98014aab3d71e961e54749aa53aa6bd5	0	2	1077	49fbc15e98014aab3d71e961e54749aa53aa6bd5	4	78, 330, 377, 703
4e59c8aeb36e49c58b85979a802b7009c397970d	1109	2	0	4e59c8aeb36e49c58b85979a802b7009c397970d	0	2	1109	4e59c8aeb36e49c58b85979a802b7009c397970d	4	78, 330, 377, 703
52d21a68cb2563c7ad123bb28ee8755d0d6157df	1092	2	0	52d21a68cb2563c7ad123bb28ee8755d0d6157df	0	2	1092	52d21a68cb2563c7ad123bb28ee8755d0d6157df	4	78, 330, 377, 703
535e70a470104b5ba129fc590b215420465cbb17	1064	2	0	535e70a470104b5ba129fc590b215420465cbb17	0	2	1064	535e70a470104b5ba129fc590b215420465cbb17	4	78, 330, 377, 703
555639cd4daed9a3e54ca6d4ee83b4cad4a77eef	1052	2	0	555639cd4daed9a3e54ca6d4ee83b4cad4a77eef	0	4	1050	555639cd4daed9a3e54ca6d4ee83b4cad4a77eef	5	78, 330, 377, 502, 703
57a22f4ea2ab8a3814b156ff9077b04abde738a2	1018	2	0	57a22f4ea2ab8a3814b156ff9077b04abde738a2	0	4	1016	57a22f4ea2ab8a3814b156ff9077b04abde738a2	5	78, 330, 377, 502, 703
5ca0d20c9b5fd36739a450eb085699fcd0bd6e92	1044	2	0	5ca0d20c9b5fd36739a450eb085699fcd0bd6e92	0	4	1042	5ca0d20c9b5fd36739a450eb085699fcd0bd6e92	5	78, 330, 377, 502, 703
60647e5eeff77df9ef4b7432a936f580736b3075	1039	2	0	60647e5eeff77df9ef4b7432a936f580736b3075	0	4	1037	60647e5eeff77df9ef4b7432a936f580736b3075	5	78, 330, 377, 502, 703
623b0ef8ea2b351b1363e46d6adbe76329bc9b11	1097	2	0	623b0ef8ea2b351b1363e46d6adbe76329bc9b11	0	2	1097	623b0ef8ea2b351b1363e46d6adbe76329bc9b11	4	78, 330, 377, 703
665330172a58ae14fc975855dffb2fe9be9533c4	1072	2	0	665330172a58ae14fc975855dffb2fe9be9533c4	0	4	1070	665330172a58ae14fc975855dffb2fe9be9533c4	5	78, 330, 377, 502, 703
6dedfbf1d998d43cec6445ec802cc59e49c11d84	1088	2	0	6dedfbf1d998d43cec6445ec802cc59e49c11d84	0	2	1088	6dedfbf1d998d43cec6445ec802cc59e49c11d84	4	78, 330, 377, 703
7067937893d25815f9079417cdfd51072307eb8b	1124	2	0	7067937893d25815f9079417cdfd51072307eb8b	0	2	1124	7067937893d25815f9079417cdfd51072307eb8b	4	78, 330, 377, 703
729b7370253bf036fedc67b9f7c5dfa9d2c800f5	1154	2	0	729b7370253bf036fedc67b9f7c5dfa9d2c800f5	0	2	1154	729b7370253bf036fedc67b9f7c5dfa9d2c800f5	4	78, 330, 377, 703
7616d065d1e8225dbbd8908f2a44f34e94e886cd	1024	2	0	7616d065d1e8225dbbd8908f2a44f34e94e886cd	0	4	1022	7616d065d1e8225dbbd8908f2a44f34e94e886cd	5	78, 330, 377, 502, 703
76200b741a485a1700348fb2b73fd292eb3dff70	1117	2	0	76200b741a485a1700348fb2b73fd292eb3dff70	0	2	1117	76200b741a485a1700348fb2b73fd292eb3dff70	4	78, 330, 377, 703
772e1737cd66ae310eebd49670930429924de122	1058	2	0	772e1737cd66ae310eebd49670930429924de122	0	2	1058	772e1737cd66ae310eebd49670930429924de122	4	78, 330, 377, 703
7836a76fcd809f35d9693193b307be67b9c8993e	1080	2	0	7836a76fcd809f35d9693193b307be67b9c8993e	0	2	1080	7836a76fcd809f35d9693193b307be67b9c8993e	4	78, 330, 377, 703
79274c9d24e9fe646640d759a9c2ce11c6874282	1086	2	0	79274c9d24e9fe646640d759a9c2ce11c6874282	0	2	1086	79274c9d24e9fe646640d759a9c2ce11c6874282	4	78, 330, 377, 703
7e51a4e9c7aaf578888a237ad69a884f450a6562	1049	2	0	7e51a4e9c7aaf578888a237ad69a884f450a6562	0	4	1047	7e51a4e9c7aaf578888a237ad69a884f450a6562	5	78, 330, 377, 502, 703
82ff76e6db00d684437c1b996081e71c5dd946af	1088	2	0	82ff76e6db00d684437c1b996081e71c5dd946af	0	2	1088	82ff76e6db00d684437c1b996081e71c5dd946af	4	78, 330, 377, 703
856f4b21edb8c848cebc8d7a85f3acbfca4ff469	1052	2	0	856f4b21edb8c848cebc8d7a85f3acbfca4ff469	0	2	1052	856f4b21edb8c848cebc8d7a85f3acbfca4ff469	4	78, 330, 377, 703
89581f37ebd5f13372afabe15a7756fd74e16a1f	1154	2	0	89581f37ebd5f13372afabe15a7756fd74e16a1f	0	2	1154	89581f37ebd5f13372afabe15a7756fd74e16a1f	4	78, 330, 377, 703
8e00a4d59722c18ddcc7ec442d28c4cb6a56cf64	1018	2	0	8e00a4d59722c18ddcc7ec442d28c4cb6a56cf64	0	4	1016	8e00a4d59722c18ddcc7ec442d28c4cb6a56cf64	5	78, 330, 377, 502, 703
8f8d3768d6f982831d96e9cfb4d35b3d7fc71683	1092	2	0	8f8d3768d6f982831d96e9cfb4d35b3d7fc71683	0	2	1092	8f8d3768d6f982831d96e9cfb4d35b3d7fc71683	4	78, 330, 377, 703
91c567c3efc4bd8e637c2820abeb72c71edc73d3	1136	2	0	91c567c3efc4bd8e637c2820abeb72c71edc73d3	0	2	1136	91c567c3efc4bd8e637c2820abeb72c71edc73d3	4	78, 330, 377, 703
92bdd6e457c1189d751a0d0d42115f4360e863c8	1020	2	0	92bdd6e457c1189d751a0d0d42115f4360e863c8	0	4	1018	92bdd6e457c1189d751a0d0d42115f4360e863c8	5	78, 330, 377, 502, 703
9307d90a3c0b4639e4dc4f02b7be827a1fe5fa6d	1057	2	0	9307d90a3c0b4639e4dc4f02b7be827a1fe5fa6d	0	4	1055	9307d90a3c0b4639e4dc4f02b7be827a1fe5fa6d	5	78, 330, 377, 502, 703
9338dffe4478f91639952fa3b3105d6c0a461587	1057	2	0	9338dffe4478f91639952fa3b3105d6c0a461587	0	2	1057	9338dffe4478f91639952fa3b3105d6c0a461587	4	78, 330, 377, 703
933ed32d331fcedd44169d8685d7071e49858a98	1085	2	0	933ed32d331fcedd44169d8685d7071e49858a98	0	2	1085	933ed32d331fcedd44169d8685d7071e49858a98	4	78, 330, 377, 703
948c47f8c59ff8990172b9aa2b000a1c0bea0405	1081	2	0	948c47f8c59ff8990172b9aa2b000a1c0bea0405	0	2	1081	948c47f8c59ff8990172b9aa2b000a1c0bea0405	4	78, 330, 377, 703
950c348f4ea882eaddc631bcdbf192db831f8750	1065	2	0	950c348f4ea882eaddc631bcdbf192db831f8750	0	4	1063	950c348f4ea882eaddc631bcdbf192db831f8750	5	78, 330, 377, 502, 703
9569dad27dab2ebedac74856f339b60e95124ff5	1062	2	0	9569dad27dab2ebedac74856f339b60e95124ff5	0	4	1060	9569dad27dab2ebedac74856f339b60e95124ff5	5	78, 330, 377, 502, 703
971473d69e37b6e68c87492b3b7bd27d191f4923	1039	2	0	971473d69e37b6e68c87492b3b7bd27d191f4923	0	4	1037	971473d69e37b6e68c87492b3b7bd27d191f4923	5	78, 330, 377, 502, 703
99d3573ca696ffbc6771cee57e433d29997a9745	1085	2	0	99d3573ca696ffbc6771cee57e433d29997a9745	0	2	1085	99d3573ca696ffbc6771cee57e433d29997a9745	4	78, 330, 377, 703
a1e5e946e97792a47ab8dd8fa60982972bfa50ee	1016	2	0	a1e5e946e97792a47ab8dd8fa60982972bfa50ee	0	4	1014	a1e5e946e97792a47ab8dd8fa60982972bfa50ee	5	78, 330, 377, 502, 703
a882c61cbcd80f7ea68650716df93a51ca186b50	1085	2	0	a882c61cbcd80f7ea68650716df93a51ca186b50	0	2	1085	a882c61cbcd80f7ea68650716df93a51ca186b50	4	78, 330, 377, 703
ad30d6667d0262ed65a782f1841dc21a52e9844b	1125	2	0	ad30d6667d0262ed65a782f1841dc21a52e9844b	0	2	1125	ad30d6667d0262ed65a782f1841dc21a52e9844b	4	78, 330, 377, 703
b108253ce96c898e1ab70b5789e8676378e56a32	1097	2	0	b108253ce96c898e1ab70b5789e8676378e56a32	0	2	1097	b108253ce96c898e1ab70b5789e8676378e56a32	4	78, 330, 377, 703
b36b6fad68b02cef00d615c5a061e78b52504e6b	1065	2	0	b36b6fad68b02cef00d615c5a061e78b52504e6b	0	4	1063	b36b6fad68b02cef00d615c5a061e78b52504e6b	5	78, 330, 377, 502, 703
b3aea4a32440c08070f392c4ed33a6de9dd9bf78	1077	2	0	b3aea4a32440c08070f392c4ed33a6de9dd9bf78	0	2	1077	b3aea4a32440c08070f392c4ed33a6de9dd9bf78	4	78, 330, 377, 703
b538002d1f3235e9d5d267c7098604f3172de845	1076	2	0	b538002d1f3235e9d5d267c7098604f3172de845	0	2	1076	b538002d1f3235e9d5d267c7098604f3172de845	4	78, 330, 377, 703
b5bfe43520623a5e42c6e4034878ec8dd7d9d242	1028	2	0	b5bfe43520623a5e42c6e4034878ec8dd7d9d242	0	4	1026	b5bfe43520623a5e42c6e4034878ec8dd7d9d242	5	78, 330, 377, 502, 703
b6f93c9186eac22f1ad72b41ac9edf70f56e3ac7	1085	2	0	b6f93c9186eac22f1ad72b41ac9edf70f56e3ac7	0	2	1085	b6f93c9186eac22f1ad72b41ac9edf70f56e3ac7	4	78, 330, 377, 703
b7bfcc378d43a8051fbbd5884a10b23651d55bbc	1115	2	0	b7bfcc378d43a8051fbbd5884a10b23651d55bbc	0	2	1115	b7bfcc378d43a8051fbbd5884a10b23651d55bbc	4	78, 330, 377, 703
ba4396599daecebc817c63ce3cdbfa57eb987d18	1078	2	0	ba4396599daecebc817c63ce3cdbfa57eb987d18	0	2	1078	ba4396599daecebc817c63ce3cdbfa57eb987d18	4	78, 330, 377, 703
bbf7bec12f2d0491c9d0dfc974dab822f4a8a65c	1065	2	0	bbf7bec12f2d0491c9d0dfc974dab822f4a8a65c	0	4	1063	bbf7bec12f2d0491c9d0dfc974dab822f4a8a65c	5	78, 330, 377, 502, 703
c50f18b714e38edfade402463eb61c77d6632678	1048	2	0	c50f18b714e38edfade402463eb61c77d6632678	0	2	1048	c50f18b714e38edfade402463eb61c77d6632678	4	78, 330, 377, 703
c60395cc3dcaadf5c66a393aeebec447f2dad7a0	1057	2	0	c60395cc3dcaadf5c66a393aeebec447f2dad7a0	0	2	1057	c60395cc3dcaadf5c66a393aeebec447f2dad7a0	4	78, 330, 377, 703
c642ab65e7385cf49804f458e4d1eb8902981878	1058	2	0	c642ab65e7385cf49804f458e4d1eb8902981878	0	2	1058	c642ab65e7385cf49804f458e4d1eb8902981878	4	78, 330, 377, 703
c6e834030779f0fb59aa3888c2f3222101bbdd0f	1115	2	0	c6e834030779f0fb59aa3888c2f3222101bbdd0f	0	2	1115	c6e834030779f0fb59aa3888c2f3222101bbdd0f	4	78, 330, 377, 703
ca67abbf62282f0dbe57a99b3d6d2613ad12b3cd	1021	2	0	ca67abbf62282f0dbe57a99b3d6d2613ad12b3cd	0	4	1019	ca67abbf62282f0dbe57a99b3d6d2613ad12b3cd	5	78, 330, 377, 502, 703
ca7751fdff9d74b3472357fb03d595976e871031	1087	2	0	ca7751fdff9d74b3472357fb03d595976e871031	0	2	1087	ca7751fdff9d74b3472357fb03d595976e871031	4	78, 330, 377, 703
d2b5392edbe630cb1dd02b453902daf640d556c8	1028	2	0	d2b5392edbe630cb1dd02b453902daf640d556c8	0	4	1026	d2b5392edbe630cb1dd02b453902daf640d556c8	5	78, 330, 377, 502, 703
d2bcb1cae5a3ed1f3191168cf39decd7b61c99a4	1028	2	0	d2bcb1cae5a3ed1f3191168cf39decd7b61c99a4	0	4	1026	d2bcb1cae5a3ed1f3191168cf39decd7b61c99a4	5	78, 330, 377, 502, 703
d695b680098bc1686bd9adfce0244c0ae5d99d03	1095	2	0	d695b680098bc1686bd9adfce0244c0ae5d99d03	0	2	1095	d695b680098bc1686bd9adfce0244c0ae5d99d03	4	78, 330, 377, 703
d6cbb103f766110773175e1af268fc186bdd83b2	1030	2	0	d6cbb103f766110773175e1af268fc186bdd83b2	0	4	1028	d6cbb103f766110773175e1af268fc186bdd83b2	5	78, 330, 377, 502, 703
d980024ef6fcddfc236b4f5ac5ffb4528ce2fad0	1049	2	0	d980024ef6fcddfc236b4f5ac5ffb4528ce2fad0	0	4	1047	d980024ef6fcddfc236b4f5ac5ffb4528ce2fad0	5	78, 330, 377, 502, 703
d9da75ff92585422dd8e5c52660204e2bc152ddd	1085	2	0	d9da75ff92585422dd8e5c52660204e2bc152ddd	0	2	1085	d9da75ff92585422dd8e5c52660204e2bc152ddd	4	78, 330, 377, 703
dafbe6d5d772646dcc8a8573d297a0ee9c52b509	1097	2	0	dafbe6d5d772646dcc8a8573d297a0ee9c52b509	0	2	1097	dafbe6d5d772646dcc8a8573d297a0ee9c52b509	4	78, 330, 377, 703
dcb769f43271422f0de3e63f85371fbd8fab76db	1068	2	0	dcb769f43271422f0de3e63f85371fbd8fab76db	0	2	1068	dcb769f43271422f0de3e63f85371fbd8fab76db	4	78, 330, 377, 703
e151af626d7476764b5e1e997041bd3cf96bf577	1016	2	0	e151af626d7476764b5e1e997041bd3cf96bf577	0	4	1014	e151af626d7476764b5e1e997041bd3cf96bf577	5	78, 330, 377, 502, 703
e2724a55f31b5e84f63eff35ba0683758e81849a	1041	2	0	e2724a55f31b5e84f63eff35ba0683758e81849a	0	4	1039	e2724a55f31b5e84f63eff35ba0683758e81849a	5	78, 330, 377, 502, 703
e86a91ef3a4333b76540e22c6d7391620de6c836	1018	2	0	e86a91ef3a4333b76540e22c6d7391620de6c836	0	4	1016	e86a91ef3a4333b76540e22c6d7391620de6c836	5	78, 330, 377, 502, 703
e9921b3724b5fd6219c683b016f89a9b6a79c99c	1048	2	0	e9921b3724b5fd6219c683b016f89a9b6a79c99c	0	2	1048	e9921b3724b5fd6219c683b016f89a9b6a79c99c	4	78, 330, 377, 703
ec83ff73db1b9c0528eeaf998f9f45de8323086c	1097	2	0	ec83ff73db1b9c0528eeaf998f9f45de8323086c	0	2	1097	ec83ff73db1b9c0528eeaf998f9f45de8323086c	4	78, 330, 377, 703
ef32fe753a2f3bece8d9e191e1b00866b4710da1	1020	2	0	ef32fe753a2f3bece8d9e191e1b00866b4710da1	0	4	1018	ef32fe753a2f3bece8d9e191e1b00866b4710da1	5	78, 330, 377, 502, 703
efe38bbbe25d126f87478d122d9283835ac20bdf	1016	2	0	efe38bbbe25d126f87478d122d9283835ac20bdf	0	4	1014	efe38bbbe25d126f87478d122d9283835ac20bdf	5	78, 330, 377, 502, 703
f21f2935271f9c14a75bc23e775c61118d080e45	1058	2	0	f21f2935271f9c14a75bc23e775c61118d080e45	0	4	1056	f21f2935271f9c14a75bc23e775c61118d080e45	5	78, 330, 377, 502, 703
f2ca512cd235f07d9421a7abe2497b800c4775fc	1085	2	0	f2ca512cd235f07d9421a7abe2497b800c4775fc	0	2	1085	f2ca512cd235f07d9421a7abe2497b800c4775fc	4	78, 330, 377, 703
f57ef0b64b4cf96904e377eb012ebb38f097c518	1085	2	0	f57ef0b64b4cf96904e377eb012ebb38f097c518	0	2	1085	f57ef0b64b4cf96904e377eb012ebb38f097c518	4	78, 330, 377, 703
f5a53a8e22b6a873b8cd52b47a41f823a0ed2213	1039	2	0	f5a53a8e22b6a873b8cd52b47a41f823a0ed2213	0	4	1037	f5a53a8e22b6a873b8cd52b47a41f823a0ed2213	5	78, 330, 377, 502, 703
f5a9b4af2f888040d50bb270053fc7c6b9ea8e8f	1080	2	0	f5a9b4af2f888040d50bb270053fc7c6b9ea8e8f	0	2	1080	f5a9b4af2f888040d50bb270053fc7c6b9ea8e8f	4	78, 330, 377, 703
f84e6488441018e5d36d47d2c4abe1b3ef4d5a91	1016	2	0	f84e6488441018e5d36d47d2c4abe1b3ef4d5a91	0	4	1014	f84e6488441018e5d36d47d2c4abe1b3ef4d5a91	5	78, 330, 377, 502, 703
f949b99f8a4496f6af0a3770db2a3ef64c805459	1085	2	0	f949b99f8a4496f6af0a3770db2a3ef64c805459	0	2	1085	f949b99f8a4496f6af0a3770db2a3ef64c805459	4	78, 330, 377, 703
f97f67f98016b909830de238b9b5f34997ba4a51	1068	2	0	f97f67f98016b909830de238b9b5f34997ba4a51	0	4	1066	f97f67f98016b909830de238b9b5f34997ba4a51	5	78, 330, 377, 502, 703
f98f557b236e8eaf646e24c68d7e28950e065473	1026	2	0	f98f557b236e8eaf646e24c68d7e28950e065473	0	4	1024	f98f557b236e8eaf646e24c68d7e28950e065473	5	78, 330, 377, 502, 703
fbdffe35b5d8d9725adcdbef5b575e5f8a59d8c3	1136	2	0	fbdffe35b5d8d9725adcdbef5b575e5f8a59d8c3	0	2	1136	fbdffe35b5d8d9725adcdbef5b575e5f8a59d8c3	4	78, 330, 377, 703
